ID	INDEX1	STAGE
1	1	90
1	2	170
1	3	110
1	4	150
1	5	120
1	6	125
1	7	180
1	8	195
1	9	210
2	1	90
2	2	110
2	3	105
2	4	180
2	5	125
2	6	140
2	7	195
2	8	130
2	9	210
3	1	90
3	2	190
3	3	195
3	4	165
3	5	210
4	1	90
4	2	180
4	3	110
4	4	125
4	5	125
4	6	120
4	7	170
4	8	210
5	1	90
5	2	140
5	3	110
5	4	180
5	5	210
6	1	90
6	2	140
6	3	130
6	4	110
6	5	195
6	6	105
6	7	135
6	8	180
6	9	170
6	10	160
6	11	299
7	1	90
7	2	110
7	3	105
7	4	125
7	5	195
7	6	130
7	7	210
8	1	90
8	2	180
8	3	195
8	4	125
8	5	110
8	6	150
8	7	120
8	8	115
8	9	210
9	1	90
9	2	110
9	3	125
9	4	125
9	5	150
9	6	170
9	7	105
9	8	195
9	9	190
9	10	115
9	11	140
9	12	135
9	13	120
9	14	210
10	1	90
10	2	180
10	3	130
10	4	140
10	5	195
10	6	120
10	7	125
10	8	105
10	9	150
10	10	110
10	11	170
10	12	160
10	13	299
11	1	90
11	2	180
11	3	195
11	4	135
11	5	185
11	6	150
11	7	125
11	8	125
11	9	210
12	1	90
12	2	120
12	3	110
12	4	180
12	5	195
12	6	105
12	7	125
12	8	210
13	1	90
13	2	140
13	3	125
13	4	125
13	5	110
13	6	120
13	7	130
13	8	105
13	9	210
14	1	90
14	2	180
14	3	170
14	4	195
14	5	110
14	6	115
14	7	210
15	1	90
15	2	125
15	3	110
15	4	185
15	5	105
15	6	180
15	7	195
15	8	210
16	1	90
16	2	130
16	3	125
16	4	170
16	5	299
17	1	90
17	2	110
17	3	175
17	4	145
17	5	120
17	6	180
17	7	140
17	8	195
17	9	125
17	10	125
17	11	150
17	12	115
17	13	130
17	14	210
18	1	90
18	2	125
18	3	125
18	4	210
19	1	90
19	2	110
19	3	140
19	4	180
19	5	125
19	6	185
19	7	170
19	8	210
20	1	90
20	2	125
20	3	180
20	4	190
20	5	210
21	1	90
21	2	105
21	3	110
21	4	125
21	5	190
21	6	195
21	7	155
21	8	140
21	9	210
22	1	90
22	2	120
22	3	190
22	4	140
22	5	180
22	6	110
22	7	170
22	8	125
22	9	210
23	1	90
23	2	190
23	3	195
23	4	110
23	5	180
23	6	130
23	7	210
24	1	90
24	2	125
24	3	180
24	4	110
24	5	150
24	6	170
24	7	130
24	8	185
24	9	195
24	10	120
24	11	140
24	12	105
24	13	145
24	14	210
25	1	175
25	2	195
25	3	165
25	4	170
25	5	125
25	6	125
25	7	120
25	8	180
25	9	105
25	10	140
25	11	150
25	12	190
25	13	210
26	1	90
26	2	125
26	3	125
26	4	130
26	5	105
26	6	110
26	7	185
26	8	210
27	1	90
27	2	125
27	3	120
27	4	170
27	5	195
27	6	180
27	7	155
27	8	105
27	9	110
27	10	210
28	1	90
28	2	210
29	1	90
29	2	125
29	3	125
29	4	180
29	5	155
29	6	110
29	7	195
29	8	175
29	9	150
29	10	120
29	11	105
29	12	145
29	13	170
29	14	210
30	1	90
30	2	125
30	3	125
30	4	105
30	5	210
31	1	90
31	2	195
31	3	180
31	4	110
31	5	210
32	1	90
32	2	110
32	3	125
32	4	195
32	5	180
32	6	150
32	7	130
32	8	190
32	9	135
32	10	140
32	11	115
32	12	170
32	13	120
32	14	210
33	1	90
33	2	150
33	3	180
33	4	125
33	5	210
34	1	90
34	2	185
34	3	125
34	4	125
34	5	170
34	6	120
34	7	130
34	8	110
34	9	210
35	1	90
35	2	125
35	3	125
35	4	195
35	5	170
35	6	180
35	7	150
35	8	110
35	9	185
35	10	105
35	11	175
35	12	190
35	13	135
35	14	210
36	1	90
36	2	125
36	3	195
36	4	130
36	5	170
36	6	180
36	7	150
36	8	110
36	9	115
36	10	210
37	1	90
37	2	195
37	3	110
37	4	125
37	5	125
37	6	135
37	7	175
37	8	115
37	9	145
37	10	140
37	11	170
37	12	105
37	13	120
37	14	210
38	1	90
38	2	180
38	3	110
38	4	195
38	5	170
38	6	150
38	7	105
38	8	125
38	9	125
38	10	130
38	11	135
38	12	140
38	13	210
39	1	90
39	2	110
39	3	125
39	4	125
39	5	180
39	6	195
39	7	170
39	8	120
39	9	210
40	1	90
40	2	125
40	3	180
40	4	195
40	5	110
40	6	130
40	7	145
40	8	120
40	9	105
40	10	155
40	11	210
41	1	90
41	2	115
41	3	110
41	4	210
42	1	90
42	2	180
42	3	165
42	4	125
42	5	150
42	6	110
42	7	140
42	8	115
42	9	120
42	10	210
43	1	90
43	2	125
43	3	125
43	4	105
43	5	195
43	6	180
43	7	130
43	8	110
43	9	140
43	10	150
43	11	120
43	12	210
44	1	90
44	2	105
44	3	115
44	4	140
44	5	170
44	6	125
44	7	210
45	1	90
45	2	180
45	3	210
46	1	90
46	2	130
46	3	110
46	4	180
46	5	140
46	6	185
46	7	210
47	1	90
47	2	180
47	3	210
48	1	90
48	2	210
49	1	90
49	2	130
49	3	110
49	4	170
49	5	105
49	6	210
50	1	90
50	2	150
50	3	180
50	4	195
50	5	125
50	6	190
50	7	110
50	8	170
50	9	130
50	10	185
50	11	210
51	1	90
51	2	110
51	3	105
51	4	180
51	5	125
51	6	125
51	7	120
51	8	140
51	9	210
52	1	90
52	2	125
52	3	125
52	4	195
52	5	190
52	6	165
52	7	120
52	8	110
52	9	105
52	10	175
52	11	210
53	1	90
53	2	125
53	3	145
53	4	110
53	5	140
53	6	195
53	7	165
53	8	180
53	9	210
54	1	90
54	2	170
54	3	195
54	4	110
54	5	210
55	1	90
55	2	180
55	3	115
55	4	110
55	5	210
56	1	90
56	2	180
56	3	120
56	4	190
56	5	125
56	6	125
56	7	140
56	8	110
56	9	210
57	1	90
57	2	195
57	3	110
57	4	125
57	5	125
57	6	115
57	7	150
57	8	145
57	9	210
58	1	90
58	2	170
58	3	210
59	1	90
59	2	105
59	3	130
59	4	125
59	5	155
59	6	180
59	7	195
59	8	210
60	1	90
60	2	110
60	3	210
61	1	90
61	2	120
61	3	180
61	4	210
62	1	90
62	2	150
62	3	180
62	4	210
63	1	90
63	2	125
63	3	125
63	4	130
63	5	150
63	6	195
63	7	170
63	8	140
63	9	110
63	10	105
63	11	165
63	12	210
64	1	90
64	2	180
64	3	120
64	4	210
65	1	90
65	2	125
65	3	180
65	4	105
65	5	110
65	6	210
66	1	90
66	2	110
66	3	150
66	4	105
66	5	120
66	6	195
66	7	140
66	8	125
66	9	125
66	10	180
66	11	115
66	12	155
66	13	210
67	1	90
67	2	130
67	3	110
67	4	180
67	5	210
68	1	90
68	2	105
68	3	120
68	4	165
68	5	130
68	6	210
69	1	90
69	2	130
69	3	170
69	4	110
69	5	145
69	6	195
69	7	150
69	8	210
70	1	90
70	2	180
70	3	150
70	4	210
71	1	90
71	2	180
71	3	195
71	4	135
71	5	125
71	6	105
71	7	150
71	8	110
71	9	130
71	10	170
71	11	210
72	1	90
72	2	195
72	3	180
72	4	210
73	1	90
73	2	185
73	3	210
74	1	90
74	2	105
74	3	180
74	4	125
74	5	110
74	6	165
74	7	115
74	8	190
74	9	210
75	1	90
75	2	150
75	3	110
75	4	120
75	5	125
75	6	115
75	7	170
75	8	165
75	9	210
76	1	90
76	2	195
76	3	175
76	4	170
76	5	125
76	6	150
76	7	180
76	8	110
76	9	210
77	1	90
77	2	110
77	3	195
77	4	190
77	5	105
77	6	125
77	7	125
77	8	180
77	9	170
77	10	115
77	11	175
77	12	210
78	1	90
78	2	195
78	3	150
78	4	180
78	5	110
78	6	105
78	7	140
78	8	125
78	9	125
78	10	185
78	11	210
79	1	90
79	2	125
79	3	125
79	4	130
79	5	195
79	6	105
79	7	180
79	8	120
79	9	170
79	10	210
80	1	90
80	2	120
80	3	210
81	1	90
81	2	105
81	3	170
81	4	125
81	5	195
81	6	180
81	7	145
81	8	110
81	9	130
81	10	190
81	11	135
81	12	210
82	1	90
82	2	125
82	3	125
82	4	170
82	5	180
82	6	195
82	7	120
82	8	130
82	9	185
82	10	135
82	11	150
82	12	105
82	13	140
82	14	210
83	1	90
83	2	125
83	3	110
83	4	130
83	5	210
84	1	90
84	2	125
84	3	110
84	4	195
84	5	180
84	6	130
84	7	210
85	1	90
85	2	120
85	3	135
85	4	115
85	5	195
85	6	125
85	7	299
86	1	90
86	2	180
86	3	110
86	4	135
86	5	120
86	6	125
86	7	170
86	8	210
87	1	90
87	2	125
87	3	195
87	4	140
87	5	110
87	6	175
87	7	120
87	8	180
87	9	105
87	10	115
87	11	170
87	12	145
87	13	210
88	1	90
88	2	145
88	3	110
88	4	125
88	5	150
88	6	180
88	7	130
88	8	170
88	9	195
88	10	185
88	11	140
88	12	105
88	13	120
88	14	210
89	1	90
89	2	125
89	3	210
90	1	90
90	2	195
90	3	110
90	4	145
90	5	170
90	6	210
91	1	90
91	2	175
91	3	180
91	4	210
92	1	90
92	2	110
92	3	125
92	4	170
92	5	180
92	6	130
92	7	105
92	8	140
92	9	210
93	1	90
93	2	110
93	3	140
93	4	125
93	5	130
93	6	180
93	7	195
93	8	170
93	9	150
93	10	165
93	11	155
93	12	210
94	1	90
94	2	120
94	3	125
94	4	125
94	5	210
95	1	90
95	2	170
95	3	210
96	1	90
96	2	170
96	3	210
97	1	90
97	2	125
97	3	110
97	4	195
97	5	210
98	1	90
98	2	105
98	3	150
98	4	195
98	5	125
98	6	210
99	1	90
99	2	190
99	3	125
99	4	125
99	5	210
100	1	90
100	2	140
100	3	210
101	1	90
101	2	195
101	3	125
101	4	210
102	1	90
102	2	110
102	3	180
102	4	125
102	5	195
102	6	130
102	7	210
103	1	90
103	2	170
103	3	110
103	4	210
104	1	90
104	2	110
104	3	180
104	4	125
104	5	125
104	6	175
104	7	195
104	8	145
104	9	185
104	10	170
104	11	130
104	12	115
104	13	105
104	14	210
105	1	90
105	2	195
105	3	110
105	4	125
105	5	140
105	6	190
105	7	170
105	8	115
105	9	210
106	1	90
106	2	150
106	3	195
106	4	110
106	5	175
106	6	125
106	7	120
106	8	130
106	9	180
106	10	210
107	1	90
107	2	125
107	3	130
107	4	195
107	5	110
107	6	180
107	7	120
107	8	190
107	9	185
107	10	210
108	1	90
108	2	195
108	3	165
108	4	110
108	5	140
108	6	125
108	7	150
108	8	170
108	9	175
108	10	180
108	11	135
108	12	105
108	13	155
108	14	210
109	1	90
109	2	110
109	3	135
109	4	195
109	5	125
109	6	130
109	7	105
109	8	180
109	9	170
109	10	120
109	11	165
109	12	115
109	13	210
110	1	90
110	2	180
110	3	210
111	1	90
111	2	120
111	3	210
112	1	90
112	2	140
112	3	190
112	4	130
112	5	170
112	6	210
113	1	90
113	2	170
113	3	195
113	4	210
114	1	90
114	2	140
114	3	180
114	4	135
114	5	170
114	6	110
114	7	150
114	8	195
114	9	130
114	10	105
114	11	120
114	12	125
114	13	210
115	1	90
115	2	110
115	3	125
115	4	180
115	5	140
115	6	195
115	7	170
115	8	120
115	9	115
115	10	105
115	11	210
116	1	90
116	2	135
116	3	110
116	4	105
116	5	180
116	6	195
116	7	170
116	8	150
116	9	140
116	10	120
116	11	210
117	1	90
117	2	135
117	3	110
117	4	170
117	5	210
118	1	90
118	2	110
118	3	210
119	1	90
119	2	110
119	3	195
119	4	130
119	5	150
119	6	180
119	7	125
119	8	140
119	9	210
120	1	90
120	2	160
120	3	299
121	1	90
121	2	180
121	3	170
121	4	125
121	5	125
121	6	110
121	7	175
121	8	105
121	9	190
121	10	195
121	11	210
122	1	90
122	2	180
122	3	120
122	4	110
122	5	125
122	6	125
122	7	155
122	8	115
122	9	170
122	10	195
122	11	105
122	12	165
122	13	150
122	14	210
123	1	90
123	2	120
123	3	130
123	4	125
123	5	150
123	6	110
123	7	195
123	8	180
123	9	210
124	1	90
124	2	110
124	3	195
124	4	170
124	5	210
125	1	90
125	2	180
125	3	125
125	4	125
125	5	140
125	6	110
125	7	130
125	8	120
125	9	210
126	1	90
126	2	195
126	3	170
126	4	120
126	5	110
126	6	210
127	1	90
127	2	110
127	3	195
127	4	180
127	5	125
127	6	105
127	7	130
127	8	120
127	9	210
128	1	90
128	2	130
128	3	180
128	4	125
128	5	125
128	6	210
129	1	90
129	2	125
129	3	110
129	4	105
129	5	180
129	6	210
130	1	90
130	2	195
130	3	110
130	4	130
130	5	125
130	6	125
130	7	150
130	8	190
130	9	175
130	10	120
130	11	115
130	12	210
131	1	90
131	2	130
131	3	175
131	4	180
131	5	195
131	6	210
132	1	90
132	2	190
132	3	170
132	4	150
132	5	195
132	6	180
132	7	110
132	8	125
132	9	210
133	1	90
133	2	180
133	3	110
133	4	130
133	5	150
133	6	105
133	7	195
133	8	210
134	1	90
134	2	190
134	3	175
134	4	195
134	5	140
134	6	110
134	7	170
134	8	105
134	9	150
134	10	210
135	1	90
135	2	130
135	3	175
135	4	190
135	5	195
135	6	115
135	7	210
136	1	90
136	2	105
136	3	125
136	4	170
136	5	180
136	6	190
136	7	210
137	1	90
137	2	195
137	3	125
137	4	125
137	5	105
137	6	120
137	7	180
137	8	210
138	1	90
138	2	110
138	3	165
138	4	105
138	5	210
139	1	90
139	2	180
139	3	105
139	4	125
139	5	130
139	6	110
139	7	210
140	1	90
140	2	145
140	3	140
140	4	110
140	5	125
140	6	195
140	7	180
140	8	150
140	9	210
141	1	90
141	2	105
141	3	155
141	4	110
141	5	140
141	6	180
141	7	195
141	8	125
141	9	125
141	10	210
142	1	90
142	2	180
142	3	110
142	4	210
143	1	90
143	2	120
143	3	180
143	4	125
143	5	125
143	6	155
143	7	170
143	8	140
143	9	130
143	10	110
143	11	195
143	12	135
143	13	210
144	1	90
144	2	140
144	3	195
144	4	210
145	1	90
145	2	180
145	3	110
145	4	120
145	5	170
145	6	175
145	7	210
146	1	90
146	2	110
146	3	210
147	1	90
147	2	185
147	3	110
147	4	120
147	5	145
147	6	130
147	7	210
148	1	90
148	2	110
148	3	180
148	4	195
148	5	140
148	6	190
148	7	170
148	8	125
148	9	210
149	1	90
149	2	105
149	3	130
149	4	120
149	5	195
149	6	180
149	7	110
149	8	155
149	9	125
149	10	150
149	11	170
149	12	210
150	1	90
150	2	150
150	3	125
150	4	155
150	5	190
150	6	110
150	7	210
151	1	175
151	2	180
151	3	130
151	4	110
151	5	125
151	6	105
151	7	150
151	8	145
151	9	170
151	10	210
152	1	90
152	2	150
152	3	125
152	4	180
152	5	120
152	6	195
152	7	210
153	1	90
153	2	165
153	3	180
153	4	170
153	5	210
154	1	90
154	2	180
154	3	130
154	4	140
154	5	175
154	6	210
155	1	90
155	2	185
155	3	105
155	4	180
155	5	110
155	6	195
155	7	140
155	8	210
156	1	90
156	2	130
156	3	125
156	4	210
157	1	90
157	2	180
157	3	110
157	4	140
157	5	150
157	6	125
157	7	125
157	8	120
157	9	145
157	10	210
158	1	90
158	2	140
158	3	125
158	4	130
158	5	110
158	6	135
158	7	170
158	8	145
158	9	195
158	10	210
159	1	90
159	2	120
159	3	110
159	4	195
159	5	170
159	6	175
159	7	125
159	8	125
159	9	180
159	10	140
159	11	130
159	12	105
159	13	210
160	1	90
160	2	125
160	3	110
160	4	150
160	5	105
160	6	190
160	7	120
160	8	140
160	9	210
161	1	90
161	2	160
161	3	299
162	1	90
162	2	210
163	1	90
163	2	110
163	3	180
163	4	105
163	5	125
163	6	210
164	1	90
164	2	150
164	3	105
164	4	125
164	5	110
164	6	115
164	7	210
165	1	90
165	2	140
165	3	180
165	4	125
165	5	110
165	6	195
165	7	210
166	1	90
166	2	195
166	3	110
166	4	120
166	5	170
166	6	150
166	7	185
166	8	180
166	9	190
166	10	105
166	11	210
167	1	90
167	2	130
167	3	210
168	1	90
168	2	105
168	3	125
168	4	125
168	5	195
168	6	140
168	7	110
168	8	185
168	9	170
168	10	190
168	11	130
168	12	120
168	13	210
169	1	90
169	2	125
169	3	110
169	4	195
169	5	180
169	6	150
169	7	105
169	8	120
169	9	165
169	10	130
169	11	210
170	1	90
170	2	150
170	3	110
170	4	125
170	5	125
170	6	210
171	1	90
171	2	180
171	3	110
171	4	140
171	5	125
171	6	125
171	7	170
171	8	190
171	9	135
171	10	120
171	11	165
171	12	130
171	13	210
172	1	90
172	2	105
172	3	120
172	4	180
172	5	140
172	6	210
173	1	90
173	2	110
173	3	210
174	1	90
174	2	180
174	3	130
174	4	195
174	5	125
174	6	105
174	7	150
174	8	110
174	9	210
175	1	90
175	2	110
175	3	195
175	4	210
176	1	90
176	2	210
177	1	90
177	2	110
177	3	170
177	4	120
177	5	150
177	6	195
177	7	125
177	8	125
177	9	140
177	10	180
177	11	190
177	12	115
177	13	185
177	14	210
178	1	90
178	2	125
178	3	210
179	1	90
179	2	110
179	3	195
179	4	125
179	5	190
179	6	120
179	7	150
179	8	170
179	9	210
180	1	90
180	2	105
180	3	180
180	4	140
180	5	125
180	6	210
181	1	90
181	2	195
181	3	115
181	4	135
181	5	125
181	6	125
181	7	180
181	8	150
181	9	210
182	1	90
182	2	110
182	3	190
182	4	180
182	5	150
182	6	120
182	7	125
182	8	170
182	9	195
182	10	105
182	11	210
183	1	90
183	2	170
183	3	105
183	4	125
183	5	125
183	6	210
184	1	90
184	2	105
184	3	110
184	4	125
184	5	195
184	6	140
184	7	120
184	8	175
184	9	180
184	10	150
184	11	165
184	12	210
185	1	90
185	2	105
185	3	195
185	4	170
185	5	130
185	6	125
185	7	125
185	8	140
185	9	180
185	10	150
185	11	210
186	1	90
186	2	130
186	3	115
186	4	140
186	5	105
186	6	110
186	7	180
186	8	135
186	9	150
186	10	175
186	11	195
186	12	125
186	13	210
187	1	90
187	2	170
187	3	195
187	4	180
187	5	115
187	6	150
187	7	120
187	8	140
187	9	125
187	10	110
187	11	210
188	1	90
188	2	125
188	3	160
188	4	299
189	1	90
189	2	150
189	3	195
189	4	210
190	1	90
190	2	130
190	3	110
190	4	125
190	5	105
190	6	180
190	7	195
190	8	170
190	9	210
191	1	90
191	2	180
191	3	115
191	4	110
191	5	125
191	6	125
191	7	150
191	8	105
191	9	145
191	10	195
191	11	120
191	12	210
192	1	90
192	2	125
192	3	210
193	1	90
193	2	195
193	3	170
193	4	125
193	5	125
193	6	120
193	7	180
193	8	105
193	9	150
193	10	190
193	11	175
193	12	115
193	13	140
193	14	210
194	1	90
194	2	170
194	3	130
194	4	125
194	5	125
194	6	165
194	7	135
194	8	195
194	9	210
195	1	90
195	2	180
195	3	150
195	4	125
195	5	170
195	6	110
195	7	190
195	8	120
195	9	195
195	10	210
196	1	90
196	2	125
196	3	115
196	4	210
197	1	90
197	2	130
197	3	125
197	4	125
197	5	299
198	1	90
198	2	140
198	3	110
198	4	180
198	5	195
198	6	115
198	7	130
198	8	135
198	9	210
199	1	90
199	2	115
199	3	110
199	4	180
199	5	105
199	6	190
199	7	125
199	8	125
199	9	210
200	1	90
200	2	120
200	3	145
200	4	180
200	5	195
200	6	210
201	1	90
201	2	195
201	3	125
201	4	210
202	1	90
202	2	105
202	3	175
202	4	140
202	5	155
202	6	110
202	7	210
203	1	90
203	2	125
203	3	125
203	4	110
203	5	115
203	6	150
203	7	195
203	8	130
203	9	120
203	10	145
203	11	170
203	12	190
203	13	140
203	14	210
204	1	90
204	2	110
204	3	145
204	4	125
204	5	195
204	6	150
204	7	185
204	8	175
204	9	135
204	10	190
204	11	180
204	12	120
204	13	105
204	14	210
205	1	90
205	2	130
205	3	150
205	4	185
205	5	210
206	1	90
206	2	180
206	3	110
206	4	195
206	5	125
206	6	130
206	7	105
206	8	140
206	9	150
206	10	210
207	1	90
207	2	175
207	3	195
207	4	130
207	5	170
207	6	180
207	7	110
207	8	210
208	1	90
208	2	195
208	3	105
208	4	120
208	5	180
208	6	125
208	7	110
208	8	190
208	9	150
208	10	130
208	11	140
208	12	115
208	13	170
208	14	210
209	1	90
209	2	150
209	3	185
209	4	105
209	5	130
209	6	125
209	7	180
209	8	110
209	9	120
209	10	165
209	11	299
210	1	90
210	2	180
210	3	110
210	4	210
211	1	90
211	2	195
211	3	110
211	4	130
211	5	175
211	6	210
212	1	90
212	2	120
212	3	175
212	4	180
212	5	110
212	6	105
212	7	195
212	8	125
212	9	210
213	1	90
213	2	195
213	3	210
214	1	90
214	2	195
214	3	210
215	1	90
215	2	135
215	3	120
215	4	210
216	1	90
216	2	195
216	3	125
216	4	180
216	5	190
216	6	140
216	7	150
216	8	185
216	9	110
216	10	105
216	11	210
217	1	90
217	2	185
217	3	180
217	4	125
217	5	125
217	6	140
217	7	105
217	8	130
217	9	150
217	10	210
218	1	90
218	2	140
218	3	150
218	4	110
218	5	175
218	6	105
218	7	180
218	8	210
219	1	90
219	2	125
219	3	210
220	1	90
220	2	125
220	3	110
220	4	170
220	5	105
220	6	185
220	7	210
221	1	90
221	2	130
221	3	110
221	4	150
221	5	165
221	6	125
221	7	105
221	8	170
221	9	180
221	10	195
221	11	190
221	12	140
221	13	135
221	14	210
222	1	90
222	2	110
222	3	120
222	4	170
222	5	190
222	6	195
222	7	180
222	8	105
222	9	125
222	10	165
222	11	155
222	12	210
223	1	90
223	2	120
223	3	135
223	4	210
224	1	90
224	2	125
224	3	210
225	1	90
225	2	190
225	3	110
225	4	195
225	5	125
225	6	155
225	7	140
225	8	210
226	1	90
226	2	175
226	3	170
226	4	210
227	1	90
227	2	110
227	3	180
227	4	130
227	5	125
227	6	195
227	7	150
227	8	105
227	9	120
227	10	170
227	11	115
227	12	190
227	13	155
227	14	210
228	1	90
228	2	130
228	3	180
228	4	125
228	5	125
228	6	140
228	7	210
229	1	90
229	2	125
229	3	195
229	4	150
229	5	110
229	6	120
229	7	105
229	8	210
230	1	90
230	2	175
230	3	110
230	4	180
230	5	120
230	6	195
230	7	125
230	8	150
230	9	115
230	10	165
230	11	130
230	12	210
231	1	90
231	2	110
231	3	210
232	1	90
232	2	180
232	3	110
232	4	125
232	5	150
232	6	190
232	7	195
232	8	105
232	9	210
233	1	90
233	2	195
233	3	120
233	4	170
233	5	110
233	6	130
233	7	180
233	8	190
233	9	210
234	1	90
234	2	105
234	3	195
234	4	110
234	5	180
234	6	210
235	1	90
235	2	170
235	3	110
235	4	125
235	5	130
235	6	190
235	7	150
235	8	180
235	9	195
235	10	105
235	11	210
236	1	90
236	2	110
236	3	195
236	4	180
236	5	125
236	6	145
236	7	190
236	8	299
237	1	90
237	2	165
237	3	180
237	4	150
237	5	110
237	6	130
237	7	140
237	8	125
237	9	115
237	10	105
237	11	195
237	12	210
238	1	90
238	2	120
238	3	210
239	1	90
239	2	110
239	3	140
239	4	155
239	5	190
239	6	125
239	7	125
239	8	210
240	1	90
240	2	105
240	3	120
240	4	210
241	1	90
241	2	195
241	3	180
241	4	170
241	5	210
242	1	90
242	2	195
242	3	130
242	4	140
242	5	125
242	6	110
242	7	180
242	8	120
242	9	150
242	10	170
242	11	145
242	12	175
242	13	160
242	14	299
243	1	90
243	2	195
243	3	110
243	4	210
244	1	90
244	2	180
244	3	110
244	4	195
244	5	155
244	6	150
244	7	120
244	8	170
244	9	140
244	10	135
244	11	125
244	12	105
244	13	145
244	14	210
245	1	90
245	2	195
245	3	105
245	4	150
245	5	130
245	6	125
245	7	125
245	8	120
245	9	210
246	1	90
246	2	195
246	3	210
247	1	90
247	2	180
247	3	130
247	4	210
248	1	90
248	2	140
248	3	135
248	4	195
248	5	125
248	6	125
248	7	185
248	8	115
248	9	170
248	10	155
248	11	110
248	12	180
248	13	210
249	1	90
249	2	110
249	3	210
250	1	90
250	2	180
250	3	210
251	1	90
251	2	170
251	3	125
251	4	195
251	5	180
251	6	210
252	1	90
252	2	185
252	3	180
252	4	125
252	5	170
252	6	120
252	7	195
252	8	150
252	9	105
252	10	110
252	11	210
253	1	90
253	2	110
253	3	125
253	4	130
253	5	140
253	6	195
253	7	120
253	8	210
254	1	90
254	2	185
254	3	125
254	4	125
254	5	110
254	6	140
254	7	155
254	8	195
254	9	150
254	10	180
254	11	130
254	12	210
255	1	90
255	2	190
255	3	180
255	4	170
255	5	195
255	6	140
255	7	210
256	1	175
256	2	190
256	3	140
256	4	125
256	5	130
256	6	180
256	7	105
256	8	150
256	9	155
256	10	110
256	11	170
256	12	195
256	13	120
256	14	210
257	1	90
257	2	170
257	3	120
257	4	210
258	1	90
258	2	195
258	3	210
259	1	90
259	2	175
259	3	130
259	4	195
259	5	180
259	6	210
260	1	90
260	2	175
260	3	170
260	4	180
260	5	125
260	6	155
260	7	195
260	8	210
261	1	90
261	2	125
261	3	125
261	4	195
261	5	170
261	6	210
262	1	90
262	2	125
262	3	125
262	4	150
262	5	110
262	6	195
262	7	210
263	1	90
263	2	125
263	3	125
263	4	180
263	5	185
263	6	130
263	7	170
263	8	195
263	9	120
263	10	210
264	1	90
264	2	115
264	3	210
265	1	90
265	2	105
265	3	190
265	4	195
265	5	180
265	6	135
265	7	125
265	8	175
265	9	210
266	1	90
266	2	180
266	3	120
266	4	115
266	5	110
266	6	125
266	7	125
266	8	150
266	9	140
266	10	105
266	11	130
266	12	210
267	1	90
267	2	180
267	3	170
267	4	120
267	5	195
267	6	110
267	7	125
267	8	210
268	1	90
268	2	170
268	3	190
268	4	175
268	5	110
268	6	195
268	7	105
268	8	130
268	9	210
269	1	90
269	2	115
269	3	175
269	4	195
269	5	140
269	6	180
269	7	110
269	8	145
269	9	210
270	1	90
270	2	120
270	3	130
270	4	180
270	5	125
270	6	195
270	7	105
270	8	190
270	9	110
270	10	210
271	1	90
271	2	105
271	3	195
271	4	180
271	5	130
271	6	150
271	7	110
271	8	125
271	9	125
271	10	170
271	11	115
271	12	210
272	1	90
272	2	125
272	3	125
272	4	150
272	5	210
273	1	90
273	2	130
273	3	195
273	4	170
273	5	140
273	6	180
273	7	150
273	8	190
273	9	105
273	10	175
273	11	125
273	12	110
273	13	210
274	1	90
274	2	170
274	3	125
274	4	125
274	5	180
274	6	120
274	7	150
274	8	115
274	9	110
274	10	165
274	11	105
274	12	160
274	13	299
275	1	90
275	2	110
275	3	210
276	1	90
276	2	140
276	3	110
276	4	125
276	5	180
276	6	105
276	7	210
277	1	90
277	2	110
277	3	120
277	4	150
277	5	130
277	6	140
277	7	195
277	8	185
277	9	210
278	1	90
278	2	195
278	3	210
279	1	90
279	2	180
279	3	210
280	1	90
280	2	110
280	3	125
280	4	125
280	5	180
280	6	120
280	7	105
280	8	140
280	9	210
281	1	90
281	2	195
281	3	110
281	4	170
281	5	155
281	6	130
281	7	140
281	8	190
281	9	150
281	10	120
281	11	165
281	12	125
281	13	210
282	1	90
282	2	110
282	3	140
282	4	105
282	5	180
282	6	115
282	7	135
282	8	160
282	9	299
283	1	90
283	2	110
283	3	210
284	1	90
284	2	195
284	3	105
284	4	140
284	5	180
284	6	110
284	7	210
285	1	175
285	2	190
285	3	105
285	4	115
285	5	110
285	6	125
285	7	195
285	8	155
285	9	210
286	1	90
286	2	130
286	3	180
286	4	125
286	5	195
286	6	105
286	7	210
287	1	90
287	2	195
287	3	110
287	4	145
287	5	170
287	6	120
287	7	140
287	8	125
287	9	210
288	1	90
288	2	125
288	3	170
288	4	130
288	5	110
288	6	120
288	7	150
288	8	180
288	9	140
288	10	195
288	11	105
288	12	165
288	13	175
288	14	210
289	1	90
289	2	130
289	3	195
289	4	180
289	5	125
289	6	120
289	7	115
289	8	110
289	9	170
289	10	140
289	11	150
289	12	160
289	13	299
290	1	90
290	2	125
290	3	170
290	4	130
290	5	120
290	6	195
290	7	210
291	1	90
291	2	150
291	3	110
291	4	210
292	1	90
292	2	195
292	3	110
292	4	140
292	5	115
292	6	210
293	1	90
293	2	110
293	3	125
293	4	195
293	5	299
294	1	90
294	2	110
294	3	125
294	4	180
294	5	195
294	6	140
294	7	105
294	8	145
294	9	210
295	1	90
295	2	110
295	3	140
295	4	180
295	5	210
296	1	90
296	2	180
296	3	125
296	4	125
296	5	210
297	1	90
297	2	110
297	3	170
297	4	180
297	5	195
297	6	140
297	7	125
297	8	130
297	9	135
297	10	185
297	11	145
297	12	165
297	13	210
298	1	90
298	2	190
298	3	125
298	4	120
298	5	110
298	6	140
298	7	130
298	8	115
298	9	145
298	10	180
298	11	195
298	12	170
298	13	150
298	14	210
299	1	90
299	2	145
299	3	195
299	4	210
300	1	90
300	2	110
300	3	210
301	1	90
301	2	180
301	3	125
301	4	110
301	5	150
301	6	120
301	7	140
301	8	145
301	9	190
301	10	195
301	11	170
301	12	210
302	1	90
302	2	120
302	3	110
302	4	105
302	5	180
302	6	125
302	7	195
302	8	140
302	9	155
302	10	150
302	11	165
302	12	190
302	13	210
303	1	90
303	2	175
303	3	195
303	4	165
303	5	110
303	6	170
303	7	210
304	1	90
304	2	195
304	3	130
304	4	125
304	5	125
304	6	180
304	7	210
305	1	90
305	2	125
305	3	125
305	4	105
305	5	210
306	1	90
306	2	195
306	3	210
307	1	90
307	2	125
307	3	210
308	1	90
308	2	110
308	3	150
308	4	210
309	1	90
309	2	170
309	3	130
309	4	135
309	5	180
309	6	140
309	7	110
309	8	125
309	9	120
309	10	150
309	11	210
310	1	90
310	2	125
310	3	125
310	4	195
310	5	110
310	6	120
310	7	185
310	8	170
310	9	130
310	10	115
310	11	150
310	12	140
310	13	190
310	14	210
311	1	90
311	2	125
311	3	210
312	1	90
312	2	120
312	3	195
312	4	185
312	5	125
312	6	180
312	7	210
313	1	90
313	2	195
313	3	110
313	4	210
314	1	90
314	2	160
314	3	299
315	1	90
315	2	155
315	3	125
315	4	140
315	5	185
315	6	195
315	7	120
315	8	130
315	9	110
315	10	180
315	11	210
316	1	90
316	2	110
316	3	125
316	4	125
316	5	210
317	1	90
317	2	140
317	3	125
317	4	180
317	5	210
318	1	90
318	2	150
318	3	125
318	4	120
318	5	135
318	6	210
319	1	90
319	2	165
319	3	170
319	4	195
319	5	180
319	6	115
319	7	125
319	8	125
319	9	299
320	1	90
320	2	195
320	3	180
320	4	110
320	5	150
320	6	170
320	7	105
320	8	125
320	9	125
320	10	135
320	11	155
320	12	115
320	13	210
321	1	90
321	2	130
321	3	110
321	4	180
321	5	195
321	6	185
321	7	105
321	8	210
322	1	90
322	2	110
322	3	125
322	4	130
322	5	105
322	6	175
322	7	170
322	8	140
322	9	210
323	1	90
323	2	185
323	3	110
323	4	180
323	5	105
323	6	125
323	7	150
323	8	120
323	9	190
323	10	115
323	11	170
323	12	195
323	13	145
323	14	210
324	1	90
324	2	130
324	3	180
324	4	145
324	5	210
325	1	90
325	2	180
325	3	110
325	4	195
325	5	120
325	6	125
325	7	150
325	8	130
325	9	140
325	10	165
325	11	185
325	12	190
325	13	170
325	14	210
326	1	90
326	2	195
326	3	105
326	4	140
326	5	110
326	6	180
326	7	210
327	1	175
327	2	110
327	3	210
328	1	90
328	2	180
328	3	125
328	4	110
328	5	115
328	6	140
328	7	130
328	8	170
328	9	210
329	1	90
329	2	115
329	3	180
329	4	170
329	5	140
329	6	210
330	1	90
330	2	140
330	3	130
330	4	120
330	5	110
330	6	125
330	7	170
330	8	210
331	1	90
331	2	115
331	3	145
331	4	120
331	5	210
332	1	90
332	2	125
332	3	125
332	4	180
332	5	160
332	6	299
333	1	90
333	2	140
333	3	190
333	4	105
333	5	130
333	6	210
334	1	90
334	2	110
334	3	210
335	1	90
335	2	170
335	3	210
336	1	175
336	2	110
336	3	210
337	1	90
337	2	105
337	3	210
338	1	90
338	2	110
338	3	140
338	4	150
338	5	175
338	6	125
338	7	195
338	8	180
338	9	210
339	1	90
339	2	190
339	3	180
339	4	110
339	5	125
339	6	130
339	7	210
340	1	90
340	2	170
340	3	180
340	4	110
340	5	125
340	6	195
340	7	190
340	8	120
340	9	210
341	1	90
341	2	120
341	3	180
341	4	210
342	1	90
342	2	180
342	3	105
342	4	195
342	5	170
342	6	125
342	7	125
342	8	110
342	9	140
342	10	175
342	11	150
342	12	130
342	13	210
343	1	175
343	2	125
343	3	195
343	4	120
343	5	210
344	1	90
344	2	150
344	3	180
344	4	140
344	5	110
344	6	210
345	1	90
345	2	195
345	3	110
345	4	170
345	5	105
345	6	210
346	1	90
346	2	120
346	3	210
347	1	90
347	2	110
347	3	210
348	1	90
348	2	110
348	3	130
348	4	120
348	5	150
348	6	190
348	7	105
348	8	210
349	1	90
349	2	175
349	3	165
349	4	125
349	5	125
349	6	110
349	7	170
349	8	210
350	1	90
350	2	140
350	3	125
350	4	125
350	5	130
350	6	110
350	7	195
350	8	105
350	9	210
351	1	90
351	2	170
351	3	110
351	4	180
351	5	130
351	6	195
351	7	140
351	8	210
352	1	90
352	2	125
352	3	180
352	4	115
352	5	145
352	6	195
352	7	170
352	8	110
352	9	105
352	10	210
353	1	90
353	2	120
353	3	210
354	1	90
354	2	180
354	3	195
354	4	120
354	5	210
355	1	90
355	2	180
355	3	105
355	4	110
355	5	195
355	6	190
355	7	170
355	8	125
355	9	210
356	1	90
356	2	110
356	3	210
357	1	90
357	2	125
357	3	210
358	1	90
358	2	180
358	3	210
359	1	90
359	2	105
359	3	110
359	4	195
359	5	180
359	6	140
359	7	185
359	8	190
359	9	125
359	10	145
359	11	130
359	12	150
359	13	115
359	14	210
360	1	90
360	2	110
360	3	180
360	4	195
360	5	125
360	6	150
360	7	120
360	8	140
360	9	175
360	10	190
360	11	185
360	12	115
360	13	105
360	14	210
361	1	90
361	2	140
361	3	150
361	4	110
361	5	195
361	6	130
361	7	125
361	8	125
361	9	180
361	10	170
361	11	210
362	1	90
362	2	150
362	3	125
362	4	110
362	5	180
362	6	130
362	7	105
362	8	170
362	9	145
362	10	120
362	11	185
362	12	190
362	13	195
362	14	210
363	1	90
363	2	110
363	3	125
363	4	105
363	5	150
363	6	120
363	7	210
364	1	90
364	2	125
364	3	210
365	1	90
365	2	180
365	3	125
365	4	210
366	1	90
366	2	180
366	3	210
367	1	90
367	2	180
367	3	210
368	1	90
368	2	110
368	3	150
368	4	125
368	5	140
368	6	130
368	7	210
369	1	175
369	2	120
369	3	195
369	4	180
369	5	165
369	6	170
369	7	125
369	8	110
369	9	105
369	10	140
369	11	210
370	1	90
370	2	150
370	3	180
370	4	110
370	5	140
370	6	130
370	7	115
370	8	120
370	9	210
371	1	90
371	2	125
371	3	170
371	4	150
371	5	140
371	6	110
371	7	210
372	1	90
372	2	180
372	3	130
372	4	105
372	5	110
372	6	125
372	7	125
372	8	140
372	9	210
373	1	90
373	2	140
373	3	110
373	4	125
373	5	125
373	6	195
373	7	105
373	8	180
373	9	190
373	10	210
374	1	90
374	2	110
374	3	150
374	4	195
374	5	120
374	6	190
374	7	125
374	8	180
374	9	170
374	10	185
374	11	105
374	12	210
375	1	90
375	2	195
375	3	210
376	1	90
376	2	130
376	3	110
376	4	105
376	5	140
376	6	150
376	7	180
376	8	145
376	9	125
376	10	125
376	11	195
376	12	210
377	1	90
377	2	110
377	3	125
377	4	210
378	1	90
378	2	125
378	3	140
378	4	165
378	5	110
378	6	120
378	7	190
378	8	210
379	1	90
379	2	180
379	3	195
379	4	110
379	5	140
379	6	115
379	7	105
379	8	130
379	9	125
379	10	150
379	11	210
380	1	90
380	2	105
380	3	145
380	4	110
380	5	150
380	6	130
380	7	210
381	1	90
381	2	180
381	3	130
381	4	195
381	5	125
381	6	125
381	7	120
381	8	110
381	9	140
381	10	170
381	11	210
382	1	90
382	2	195
382	3	210
383	1	90
383	2	120
383	3	125
383	4	140
383	5	195
383	6	110
383	7	180
383	8	115
383	9	210
384	1	90
384	2	110
384	3	140
384	4	210
385	1	90
385	2	110
385	3	180
385	4	130
385	5	210
386	1	90
386	2	110
386	3	170
386	4	105
386	5	130
386	6	190
386	7	180
386	8	125
386	9	210
387	1	175
387	2	120
387	3	125
387	4	125
387	5	190
387	6	110
387	7	210
388	1	90
388	2	110
388	3	125
388	4	105
388	5	195
388	6	130
388	7	180
388	8	120
388	9	140
388	10	135
388	11	170
388	12	190
388	13	185
388	14	210
389	1	90
389	2	210
390	1	90
390	2	110
390	3	120
390	4	165
390	5	105
390	6	210
391	1	90
391	2	130
391	3	210
392	1	90
392	2	180
392	3	110
392	4	130
392	5	150
392	6	140
392	7	195
392	8	125
392	9	170
392	10	210
393	1	90
393	2	105
393	3	110
393	4	125
393	5	125
393	6	150
393	7	210
394	1	90
394	2	195
394	3	180
394	4	125
394	5	135
394	6	150
394	7	120
394	8	110
394	9	185
394	10	210
395	1	90
395	2	195
395	3	210
396	1	90
396	2	125
396	3	170
396	4	120
396	5	210
397	1	90
397	2	120
397	3	110
397	4	125
397	5	185
397	6	155
397	7	180
397	8	210
398	1	90
398	2	130
398	3	195
398	4	125
398	5	125
398	6	110
398	7	180
398	8	150
398	9	210
399	1	90
399	2	170
399	3	210
400	1	90
400	2	105
400	3	180
400	4	115
400	5	125
400	6	125
400	7	210
401	1	90
401	2	120
401	3	105
401	4	195
401	5	125
401	6	150
401	7	110
401	8	180
401	9	170
401	10	210
402	1	90
402	2	110
402	3	190
402	4	210
403	1	90
403	2	130
403	3	210
404	1	90
404	2	110
404	3	210
405	1	90
405	2	180
405	3	195
405	4	105
405	5	130
405	6	150
405	7	110
405	8	145
405	9	210
406	1	90
406	2	125
406	3	110
406	4	195
406	5	165
406	6	190
406	7	170
406	8	210
407	1	90
407	2	190
407	3	110
407	4	125
407	5	210
408	1	90
408	2	170
408	3	195
408	4	130
408	5	150
408	6	110
408	7	140
408	8	160
408	9	299
409	1	90
409	2	110
409	3	125
409	4	125
409	5	140
409	6	150
409	7	180
409	8	210
410	1	90
410	2	140
410	3	170
410	4	110
410	5	180
410	6	125
410	7	120
410	8	130
410	9	105
410	10	210
411	1	90
411	2	110
411	3	180
411	4	125
411	5	170
411	6	195
411	7	210
412	1	90
412	2	175
412	3	110
412	4	125
412	5	125
412	6	180
412	7	185
412	8	170
412	9	130
412	10	210
413	1	90
413	2	195
413	3	125
413	4	180
413	5	110
413	6	105
413	7	140
413	8	130
413	9	115
413	10	170
413	11	150
413	12	210
414	1	90
414	2	180
414	3	125
414	4	210
415	1	90
415	2	195
415	3	140
415	4	180
415	5	105
415	6	125
415	7	125
415	8	170
415	9	210
416	1	90
416	2	180
416	3	125
416	4	170
416	5	110
416	6	115
416	7	140
416	8	120
416	9	130
416	10	195
416	11	175
416	12	105
416	13	145
416	14	210
417	1	90
417	2	180
417	3	120
417	4	130
417	5	150
417	6	185
417	7	125
417	8	110
417	9	210
418	1	90
418	2	140
418	3	210
419	1	90
419	2	110
419	3	180
419	4	130
419	5	115
419	6	125
419	7	210
420	1	90
420	2	180
420	3	125
420	4	190
420	5	135
420	6	105
420	7	170
420	8	210
421	1	90
421	2	180
421	3	120
421	4	150
421	5	125
421	6	125
421	7	170
421	8	110
421	9	105
421	10	210
422	1	90
422	2	110
422	3	165
422	4	125
422	5	125
422	6	120
422	7	130
422	8	180
422	9	210
423	1	90
423	2	180
423	3	140
423	4	125
423	5	135
423	6	120
423	7	210
424	1	90
424	2	180
424	3	140
424	4	110
424	5	210
425	1	90
425	2	195
425	3	110
425	4	125
425	5	180
425	6	210
426	1	175
426	2	170
426	3	140
426	4	125
426	5	110
426	6	130
426	7	105
426	8	195
426	9	210
427	1	90
427	2	110
427	3	120
427	4	195
427	5	180
427	6	125
427	7	150
427	8	210
428	1	90
428	2	170
428	3	135
428	4	110
428	5	145
428	6	130
428	7	125
428	8	115
428	9	140
428	10	195
428	11	180
428	12	210
429	1	90
429	2	125
429	3	125
429	4	110
429	5	115
429	6	150
429	7	210
430	1	90
430	2	110
430	3	125
430	4	125
430	5	170
430	6	180
430	7	210
431	1	90
431	2	110
431	3	125
431	4	125
431	5	210
432	1	90
432	2	125
432	3	135
432	4	170
432	5	110
432	6	130
432	7	180
432	8	120
432	9	105
432	10	140
432	11	115
432	12	150
432	13	195
432	14	210
433	1	90
433	2	150
433	3	195
433	4	120
433	5	125
433	6	125
433	7	110
433	8	190
433	9	135
433	10	180
433	11	165
433	12	130
433	13	170
433	14	210
434	1	90
434	2	170
434	3	115
434	4	150
434	5	190
434	6	110
434	7	135
434	8	180
434	9	210
435	1	90
435	2	180
435	3	140
435	4	195
435	5	170
435	6	210
436	1	90
436	2	180
436	3	195
436	4	105
436	5	110
436	6	135
436	7	125
436	8	155
436	9	140
436	10	170
436	11	130
436	12	210
437	1	90
437	2	110
437	3	180
437	4	105
437	5	120
437	6	195
437	7	140
437	8	165
437	9	125
437	10	115
437	11	130
437	12	150
437	13	210
438	1	90
438	2	125
438	3	190
438	4	195
438	5	110
438	6	180
438	7	210
439	1	90
439	2	170
439	3	105
439	4	180
439	5	140
439	6	145
439	7	195
439	8	125
439	9	120
439	10	130
439	11	110
439	12	210
440	1	90
440	2	105
440	3	195
440	4	185
440	5	160
440	6	299
441	1	90
441	2	150
441	3	180
441	4	195
441	5	210
442	1	90
442	2	195
442	3	120
442	4	110
442	5	185
442	6	125
442	7	210
443	1	90
443	2	195
443	3	110
443	4	150
443	5	130
443	6	125
443	7	125
443	8	210
444	1	90
444	2	130
444	3	110
444	4	115
444	5	165
444	6	180
444	7	120
444	8	170
444	9	125
444	10	195
444	11	155
444	12	210
445	1	90
445	2	150
445	3	110
445	4	120
445	5	140
445	6	125
445	7	125
445	8	195
445	9	155
445	10	180
445	11	210
446	1	90
446	2	120
446	3	210
447	1	175
447	2	125
447	3	125
447	4	195
447	5	210
448	1	90
448	2	170
448	3	120
448	4	115
448	5	195
448	6	210
449	1	90
449	2	120
449	3	130
449	4	180
449	5	110
449	6	170
449	7	195
449	8	125
449	9	140
449	10	210
450	1	90
450	2	170
450	3	210
451	1	90
451	2	120
451	3	210
452	1	90
452	2	125
452	3	210
453	1	90
453	2	120
453	3	170
453	4	125
453	5	125
453	6	110
453	7	180
453	8	175
453	9	150
453	10	140
453	11	195
453	12	190
453	13	155
453	14	210
454	1	90
454	2	195
454	3	140
454	4	110
454	5	180
454	6	130
454	7	105
454	8	170
454	9	120
454	10	125
454	11	210
455	1	90
455	2	115
455	3	180
455	4	120
455	5	110
455	6	130
455	7	125
455	8	125
455	9	150
455	10	195
455	11	170
455	12	210
456	1	90
456	2	110
456	3	125
456	4	195
456	5	140
456	6	155
456	7	190
456	8	170
456	9	210
457	1	90
457	2	180
457	3	115
457	4	105
457	5	195
457	6	125
457	7	170
457	8	120
457	9	110
457	10	210
458	1	90
458	2	150
458	3	180
458	4	175
458	5	110
458	6	120
458	7	135
458	8	125
458	9	125
458	10	210
459	1	90
459	2	105
459	3	180
459	4	170
459	5	210
460	1	90
460	2	155
460	3	110
460	4	170
460	5	130
460	6	120
460	7	125
460	8	150
460	9	115
460	10	190
460	11	210
461	1	90
461	2	105
461	3	125
461	4	110
461	5	180
461	6	170
461	7	140
461	8	130
461	9	210
462	1	90
462	2	195
462	3	140
462	4	180
462	5	110
462	6	105
462	7	170
462	8	125
462	9	125
462	10	210
463	1	90
463	2	125
463	3	110
463	4	195
463	5	180
463	6	105
463	7	120
463	8	185
463	9	115
463	10	140
463	11	210
464	1	90
464	2	195
464	3	210
465	1	175
465	2	110
465	3	190
465	4	195
465	5	180
465	6	155
465	7	135
465	8	210
466	1	90
466	2	180
466	3	165
466	4	125
466	5	125
466	6	195
466	7	140
466	8	110
466	9	170
466	10	115
466	11	155
466	12	210
467	1	90
467	2	130
467	3	110
467	4	210
468	1	90
468	2	105
468	3	180
468	4	195
468	5	125
468	6	165
468	7	210
469	1	90
469	2	180
469	3	130
469	4	210
470	1	90
470	2	110
470	3	180
470	4	130
470	5	115
470	6	185
470	7	195
470	8	105
470	9	125
470	10	170
470	11	175
470	12	210
471	1	90
471	2	110
471	3	125
471	4	195
471	5	170
471	6	120
471	7	130
471	8	140
471	9	210
472	1	90
472	2	195
472	3	110
472	4	150
472	5	125
472	6	190
472	7	165
472	8	115
472	9	210
473	1	90
473	2	195
473	3	190
473	4	115
473	5	110
473	6	210
474	1	90
474	2	195
474	3	140
474	4	190
474	5	120
474	6	110
474	7	125
474	8	125
474	9	210
475	1	90
475	2	180
475	3	125
475	4	125
475	5	170
475	6	190
475	7	150
475	8	195
475	9	140
475	10	115
475	11	175
475	12	120
475	13	130
475	14	210
476	1	90
476	2	195
476	3	150
476	4	120
476	5	110
476	6	125
476	7	125
476	8	170
476	9	180
476	10	155
476	11	115
476	12	210
477	1	90
477	2	195
477	3	180
477	4	125
477	5	210
478	1	90
478	2	110
478	3	125
478	4	180
478	5	190
478	6	140
478	7	195
478	8	135
478	9	120
478	10	210
479	1	90
479	2	110
479	3	105
479	4	125
479	5	125
479	6	195
479	7	150
479	8	210
480	1	90
480	2	130
480	3	150
480	4	110
480	5	125
480	6	140
480	7	180
480	8	195
480	9	210
481	1	90
481	2	140
481	3	180
481	4	170
481	5	125
481	6	210
482	1	90
482	2	195
482	3	180
482	4	115
482	5	185
482	6	110
482	7	140
482	8	125
482	9	105
482	10	170
482	11	120
482	12	210
483	1	90
483	2	195
483	3	125
483	4	120
483	5	180
483	6	140
483	7	130
483	8	110
483	9	150
483	10	210
484	1	90
484	2	125
484	3	180
484	4	210
485	1	90
485	2	150
485	3	110
485	4	120
485	5	130
485	6	125
485	7	125
485	8	140
485	9	210
486	1	90
486	2	110
486	3	210
487	1	90
487	2	210
488	1	90
488	2	180
488	3	130
488	4	210
489	1	90
489	2	180
489	3	175
489	4	145
489	5	105
489	6	195
489	7	125
489	8	140
489	9	210
490	1	90
490	2	150
490	3	180
490	4	130
490	5	125
490	6	120
490	7	170
490	8	105
490	9	110
490	10	210
491	1	90
491	2	180
491	3	210
492	1	90
492	2	180
492	3	110
492	4	170
492	5	190
492	6	150
492	7	130
492	8	125
492	9	195
492	10	210
493	1	90
493	2	195
493	3	130
493	4	105
493	5	210
494	1	90
494	2	195
494	3	110
494	4	175
494	5	150
494	6	125
494	7	125
494	8	170
494	9	130
494	10	210
495	1	90
495	2	110
495	3	125
495	4	195
495	5	140
495	6	180
495	7	150
495	8	170
495	9	105
495	10	210
496	1	90
496	2	110
496	3	180
496	4	195
496	5	105
496	6	125
496	7	210
497	1	90
497	2	195
497	3	180
497	4	125
497	5	110
497	6	115
497	7	130
497	8	120
497	9	210
498	1	90
498	2	110
498	3	210
499	1	90
499	2	110
499	3	125
499	4	120
499	5	210
500	1	90
500	2	170
500	3	120
500	4	110
500	5	150
500	6	185
500	7	130
500	8	115
500	9	210
501	1	90
501	2	130
501	3	170
501	4	195
501	5	145
501	6	120
501	7	210
502	1	90
502	2	180
502	3	210
503	1	90
503	2	180
503	3	105
503	4	110
503	5	125
503	6	155
503	7	170
503	8	135
503	9	195
503	10	210
504	1	90
504	2	105
504	3	195
504	4	175
504	5	110
504	6	125
504	7	125
504	8	210
505	1	175
505	2	110
505	3	180
505	4	190
505	5	125
505	6	210
506	1	90
506	2	210
507	1	90
507	2	180
507	3	110
507	4	125
507	5	125
507	6	195
507	7	130
507	8	120
507	9	155
507	10	150
507	11	105
507	12	210
508	1	90
508	2	180
508	3	170
508	4	195
508	5	125
508	6	145
508	7	210
509	1	90
509	2	125
509	3	170
509	4	180
509	5	120
509	6	140
509	7	105
509	8	130
509	9	110
509	10	185
509	11	150
509	12	210
510	1	90
510	2	135
510	3	195
510	4	120
510	5	125
510	6	110
510	7	150
510	8	130
510	9	210
511	1	90
511	2	120
511	3	110
511	4	190
511	5	125
511	6	125
511	7	195
511	8	210
512	1	90
512	2	160
512	3	299
513	1	90
513	2	110
513	3	170
513	4	120
513	5	195
513	6	140
513	7	185
513	8	180
513	9	125
513	10	210
514	1	90
514	2	125
514	3	125
514	4	180
514	5	150
514	6	195
514	7	105
514	8	110
514	9	140
514	10	190
514	11	165
514	12	210
515	1	90
515	2	110
515	3	195
515	4	125
515	5	125
515	6	210
516	1	90
516	2	170
516	3	210
517	1	90
517	2	110
517	3	145
517	4	140
517	5	125
517	6	120
517	7	190
517	8	105
517	9	210
518	1	90
518	2	140
518	3	125
518	4	130
518	5	115
518	6	110
518	7	180
518	8	190
518	9	210
519	1	90
519	2	145
519	3	130
519	4	125
519	5	185
519	6	210
520	1	90
520	2	210
521	1	90
521	2	150
521	3	210
522	1	90
522	2	125
522	3	125
522	4	115
522	5	170
522	6	140
522	7	180
522	8	130
522	9	210
523	1	90
523	2	105
523	3	125
523	4	210
524	1	175
524	2	110
524	3	195
524	4	130
524	5	180
524	6	115
524	7	125
524	8	140
524	9	105
524	10	150
524	11	120
524	12	160
524	13	299
525	1	90
525	2	170
525	3	195
525	4	140
525	5	210
526	1	90
526	2	180
526	3	130
526	4	105
526	5	125
526	6	115
526	7	110
526	8	195
526	9	140
526	10	170
526	11	185
526	12	210
527	1	90
527	2	110
527	3	140
527	4	180
527	5	195
527	6	125
527	7	125
527	8	120
527	9	130
527	10	170
527	11	190
527	12	210
528	1	90
528	2	125
528	3	180
528	4	170
528	5	195
528	6	150
528	7	130
528	8	210
529	1	90
529	2	180
529	3	110
529	4	125
529	5	170
529	6	105
529	7	120
529	8	185
529	9	210
530	1	90
530	2	155
530	3	110
530	4	175
530	5	180
530	6	195
530	7	120
530	8	170
530	9	125
530	10	140
530	11	299
531	1	90
531	2	125
531	3	115
531	4	150
531	5	120
531	6	170
531	7	105
531	8	180
531	9	110
531	10	175
531	11	195
531	12	140
531	13	210
532	1	90
532	2	145
532	3	180
532	4	195
532	5	120
532	6	110
532	7	150
532	8	190
532	9	130
532	10	140
532	11	125
532	12	210
533	1	90
533	2	155
533	3	105
533	4	125
533	5	125
533	6	130
533	7	195
533	8	180
533	9	210
534	1	90
534	2	195
534	3	180
534	4	125
534	5	135
534	6	110
534	7	130
534	8	120
534	9	170
534	10	105
534	11	175
534	12	150
534	13	115
534	14	210
535	1	90
535	2	120
535	3	170
535	4	150
535	5	195
535	6	180
535	7	125
535	8	165
535	9	210
536	1	90
536	2	105
536	3	180
536	4	110
536	5	125
536	6	125
536	7	190
536	8	120
536	9	140
536	10	135
536	11	130
536	12	210
537	1	90
537	2	110
537	3	125
537	4	210
538	1	90
538	2	195
538	3	110
538	4	180
538	5	150
538	6	170
538	7	140
538	8	115
538	9	130
538	10	125
538	11	210
539	1	90
539	2	125
539	3	125
539	4	120
539	5	150
539	6	155
539	7	195
539	8	145
539	9	210
540	1	90
540	2	180
540	3	150
540	4	105
540	5	210
541	1	90
541	2	150
541	3	210
542	1	90
542	2	110
542	3	210
543	1	90
543	2	110
543	3	210
544	1	90
544	2	105
544	3	130
544	4	125
544	5	125
544	6	110
544	7	210
545	1	90
545	2	125
545	3	125
545	4	110
545	5	105
545	6	115
545	7	145
545	8	170
545	9	120
545	10	195
545	11	130
545	12	140
545	13	150
545	14	210
546	1	90
546	2	105
546	3	110
546	4	210
547	1	90
547	2	110
547	3	190
547	4	130
547	5	125
547	6	125
547	7	195
547	8	120
547	9	140
547	10	170
547	11	210
548	1	90
548	2	110
548	3	130
548	4	125
548	5	105
548	6	155
548	7	180
548	8	150
548	9	190
548	10	170
548	11	195
548	12	140
548	13	120
548	14	210
549	1	90
549	2	180
549	3	120
549	4	175
549	5	210
550	1	90
550	2	125
550	3	125
550	4	110
550	5	120
550	6	155
550	7	105
550	8	115
550	9	135
550	10	150
550	11	210
551	1	90
551	2	125
551	3	110
551	4	195
551	5	180
551	6	120
551	7	150
551	8	210
552	1	90
552	2	115
552	3	140
552	4	210
553	1	90
553	2	120
553	3	180
553	4	140
553	5	195
553	6	125
553	7	110
553	8	150
553	9	135
553	10	165
553	11	190
553	12	170
553	13	210
554	1	90
554	2	110
554	3	210
555	1	90
555	2	110
555	3	210
556	1	90
556	2	150
556	3	120
556	4	125
556	5	130
556	6	180
556	7	195
556	8	190
556	9	110
556	10	170
556	11	175
556	12	115
556	13	210
557	1	90
557	2	110
557	3	180
557	4	105
557	5	140
557	6	195
557	7	125
557	8	125
557	9	210
558	1	90
558	2	160
558	3	299
559	1	90
559	2	140
559	3	125
559	4	180
559	5	110
559	6	195
559	7	210
560	1	90
560	2	195
560	3	110
560	4	210
561	1	90
561	2	130
561	3	210
562	1	90
562	2	110
562	3	210
563	1	90
563	2	170
563	3	110
563	4	180
563	5	125
563	6	125
563	7	140
563	8	135
563	9	185
563	10	150
563	11	210
564	1	90
564	2	125
564	3	195
564	4	180
564	5	115
564	6	145
564	7	120
564	8	210
565	1	175
565	2	180
565	3	120
565	4	125
565	5	190
565	6	195
565	7	150
565	8	105
565	9	110
565	10	170
565	11	155
565	12	145
565	13	135
565	14	210
566	1	90
566	2	115
566	3	130
566	4	105
566	5	180
566	6	155
566	7	110
566	8	140
566	9	145
566	10	195
566	11	175
566	12	125
566	13	170
566	14	210
567	1	90
567	2	180
567	3	210
568	1	90
568	2	140
568	3	125
568	4	130
568	5	180
568	6	195
568	7	150
568	8	110
568	9	115
568	10	210
569	1	90
569	2	180
569	3	165
569	4	110
569	5	130
569	6	170
569	7	115
569	8	195
569	9	125
569	10	125
569	11	150
569	12	160
569	13	299
570	1	90
570	2	125
570	3	120
570	4	110
570	5	170
570	6	210
571	1	90
571	2	110
571	3	195
571	4	125
571	5	180
571	6	105
571	7	210
572	1	90
572	2	180
572	3	120
572	4	125
572	5	170
572	6	210
573	1	90
573	2	130
573	3	110
573	4	125
573	5	120
573	6	150
573	7	210
574	1	90
574	2	150
574	3	110
574	4	125
574	5	130
574	6	180
574	7	115
574	8	120
574	9	195
574	10	165
574	11	140
574	12	170
574	13	155
574	14	210
575	1	90
575	2	110
575	3	105
575	4	125
575	5	180
575	6	170
575	7	120
575	8	195
575	9	210
576	1	90
576	2	140
576	3	180
576	4	110
576	5	120
576	6	135
576	7	170
576	8	195
576	9	210
577	1	90
577	2	120
577	3	195
577	4	140
577	5	130
577	6	125
577	7	125
577	8	180
577	9	190
577	10	170
577	11	135
577	12	210
578	1	90
578	2	105
578	3	195
578	4	110
578	5	125
578	6	170
578	7	180
578	8	150
578	9	140
578	10	185
578	11	210
579	1	90
579	2	110
579	3	105
579	4	120
579	5	210
580	1	90
580	2	120
580	3	140
580	4	180
580	5	210
581	1	90
581	2	140
581	3	195
581	4	110
581	5	125
581	6	210
582	1	175
582	2	150
582	3	110
582	4	105
582	5	195
582	6	180
582	7	120
582	8	125
582	9	115
582	10	140
582	11	210
583	1	90
583	2	105
583	3	110
583	4	120
583	5	180
583	6	125
583	7	210
584	1	90
584	2	185
584	3	210
585	1	90
585	2	150
585	3	140
585	4	110
585	5	105
585	6	185
585	7	120
585	8	195
585	9	125
585	10	210
586	1	90
586	2	110
586	3	180
586	4	130
586	5	190
586	6	125
586	7	125
586	8	105
586	9	195
586	10	140
586	11	170
586	12	210
587	1	90
587	2	165
587	3	130
587	4	125
587	5	140
587	6	180
587	7	210
588	1	90
588	2	125
588	3	170
588	4	110
588	5	130
588	6	120
588	7	195
588	8	180
588	9	105
588	10	155
588	11	210
589	1	90
589	2	195
589	3	110
589	4	115
589	5	210
590	1	90
590	2	140
590	3	210
591	1	90
591	2	115
591	3	125
591	4	125
591	5	110
591	6	180
591	7	195
591	8	105
591	9	175
591	10	190
591	11	130
591	12	120
591	13	170
591	14	210
592	1	90
592	2	195
592	3	210
593	1	90
593	2	110
593	3	210
594	1	90
594	2	150
594	3	135
594	4	125
594	5	125
594	6	195
594	7	170
594	8	180
594	9	210
595	1	90
595	2	125
595	3	125
595	4	120
595	5	195
595	6	105
595	7	180
595	8	140
595	9	130
595	10	170
595	11	150
595	12	165
595	13	210
596	1	90
596	2	120
596	3	195
596	4	130
596	5	170
596	6	125
596	7	180
596	8	110
596	9	175
596	10	210
597	1	90
597	2	195
597	3	145
597	4	125
597	5	125
597	6	210
598	1	90
598	2	195
598	3	180
598	4	210
599	1	90
599	2	125
599	3	155
599	4	110
599	5	150
599	6	195
599	7	210
600	1	90
600	2	180
600	3	110
600	4	195
600	5	140
600	6	210
601	1	90
601	2	115
601	3	170
601	4	125
601	5	110
601	6	195
601	7	130
601	8	190
601	9	210
602	1	90
602	2	185
602	3	210
603	1	90
603	2	180
603	3	125
603	4	170
603	5	195
603	6	145
603	7	150
603	8	110
603	9	130
603	10	115
603	11	210
604	1	90
604	2	180
604	3	210
605	1	90
605	2	125
605	3	125
605	4	110
605	5	195
605	6	150
605	7	120
605	8	140
605	9	210
606	1	90
606	2	110
606	3	170
606	4	140
606	5	195
606	6	180
606	7	150
606	8	115
606	9	155
606	10	210
607	1	90
607	2	180
607	3	125
607	4	110
607	5	195
607	6	105
607	7	170
607	8	190
607	9	115
607	10	135
607	11	130
607	12	150
607	13	155
607	14	210
608	1	90
608	2	125
608	3	125
608	4	130
608	5	180
608	6	210
609	1	90
609	2	110
609	3	180
609	4	170
609	5	120
609	6	115
609	7	150
609	8	195
609	9	210
610	1	90
610	2	140
610	3	110
610	4	125
610	5	125
610	6	115
610	7	105
610	8	130
610	9	150
610	10	170
610	11	195
610	12	180
610	13	120
610	14	210
611	1	90
611	2	135
611	3	150
611	4	180
611	5	110
611	6	130
611	7	105
611	8	120
611	9	170
611	10	140
611	11	185
611	12	125
611	13	210
612	1	90
612	2	140
612	3	180
612	4	105
612	5	110
612	6	120
612	7	190
612	8	210
613	1	90
613	2	125
613	3	210
614	1	90
614	2	175
614	3	120
614	4	195
614	5	110
614	6	125
614	7	210
615	1	90
615	2	105
615	3	125
615	4	180
615	5	110
615	6	140
615	7	170
615	8	210
616	1	90
616	2	130
616	3	170
616	4	155
616	5	180
616	6	125
616	7	110
616	8	150
616	9	210
617	1	90
617	2	110
617	3	195
617	4	140
617	5	135
617	6	180
617	7	125
617	8	150
617	9	170
617	10	175
617	11	115
617	12	210
618	1	90
618	2	125
618	3	125
618	4	110
618	5	140
618	6	150
618	7	105
618	8	180
618	9	115
618	10	120
618	11	165
618	12	210
619	1	90
619	2	160
619	3	299
620	1	90
620	2	195
620	3	110
620	4	160
620	5	299
621	1	90
621	2	105
621	3	120
621	4	150
621	5	210
622	1	90
622	2	110
622	3	165
622	4	130
622	5	120
622	6	190
622	7	140
622	8	210
623	1	90
623	2	125
623	3	135
623	4	120
623	5	110
623	6	195
623	7	130
623	8	180
623	9	115
623	10	210
624	1	90
624	2	195
624	3	150
624	4	210
625	1	90
625	2	110
625	3	180
625	4	125
625	5	125
625	6	130
625	7	150
625	8	140
625	9	195
625	10	210
626	1	90
626	2	150
626	3	125
626	4	110
626	5	210
627	1	90
627	2	110
627	3	195
627	4	125
627	5	125
627	6	170
627	7	180
627	8	190
627	9	120
627	10	150
627	11	130
627	12	140
627	13	145
627	14	210
628	1	90
628	2	110
628	3	105
628	4	150
628	5	125
628	6	180
628	7	130
628	8	140
628	9	195
628	10	170
628	11	210
629	1	90
629	2	105
629	3	110
629	4	170
629	5	140
629	6	125
629	7	185
629	8	180
629	9	210
630	1	90
630	2	130
630	3	170
630	4	125
630	5	125
630	6	140
630	7	105
630	8	210
631	1	90
631	2	140
631	3	110
631	4	180
631	5	210
632	1	90
632	2	110
632	3	120
632	4	180
632	5	195
632	6	105
632	7	185
632	8	190
632	9	125
632	10	140
632	11	130
632	12	210
633	1	90
633	2	195
633	3	160
633	4	299
634	1	90
634	2	110
634	3	125
634	4	120
634	5	115
634	6	195
634	7	190
634	8	170
634	9	150
634	10	140
634	11	180
634	12	165
634	13	105
634	14	210
635	1	90
635	2	195
635	3	125
635	4	125
635	5	120
635	6	180
635	7	115
635	8	155
635	9	210
636	1	175
636	2	105
636	3	125
636	4	180
636	5	150
636	6	195
636	7	115
636	8	190
636	9	210
637	1	90
637	2	125
637	3	110
637	4	115
637	5	190
637	6	170
637	7	180
637	8	120
637	9	155
637	10	130
637	11	210
638	1	90
638	2	170
638	3	110
638	4	105
638	5	130
638	6	180
638	7	140
638	8	115
638	9	150
638	10	190
638	11	195
638	12	210
639	1	90
639	2	125
639	3	110
639	4	180
639	5	120
639	6	210
640	1	90
640	2	150
640	3	210
641	1	90
641	2	180
641	3	140
641	4	195
641	5	105
641	6	125
641	7	130
641	8	110
641	9	120
641	10	170
641	11	115
641	12	190
641	13	150
641	14	210
642	1	90
642	2	110
642	3	195
642	4	105
642	5	145
642	6	150
642	7	180
642	8	140
642	9	125
642	10	120
642	11	130
642	12	210
643	1	90
643	2	125
643	3	190
643	4	110
643	5	120
643	6	195
643	7	180
643	8	140
643	9	210
644	1	175
644	2	120
644	3	115
644	4	125
644	5	110
644	6	170
644	7	195
644	8	210
645	1	90
645	2	110
645	3	105
645	4	180
645	5	120
645	6	170
645	7	145
645	8	210
646	1	90
646	2	125
646	3	125
646	4	185
646	5	130
646	6	170
646	7	210
647	1	90
647	2	120
647	3	110
647	4	195
647	5	190
647	6	165
647	7	125
647	8	130
647	9	210
648	1	90
648	2	125
648	3	125
648	4	110
648	5	210
649	1	90
649	2	120
649	3	105
649	4	110
649	5	195
649	6	125
649	7	125
649	8	190
649	9	210
650	1	90
650	2	170
650	3	120
650	4	180
650	5	125
650	6	125
650	7	210
651	1	90
651	2	180
651	3	195
651	4	110
651	5	175
651	6	125
651	7	115
651	8	130
651	9	120
651	10	210
652	1	90
652	2	125
652	3	125
652	4	210
653	1	175
653	2	120
653	3	140
653	4	125
653	5	125
653	6	165
653	7	115
653	8	210
654	1	90
654	2	125
654	3	110
654	4	180
654	5	170
654	6	115
654	7	190
654	8	195
654	9	140
654	10	165
654	11	155
654	12	145
654	13	210
655	1	90
655	2	125
655	3	110
655	4	170
655	5	130
655	6	150
655	7	195
655	8	210
656	1	90
656	2	140
656	3	110
656	4	185
656	5	210
657	1	90
657	2	180
657	3	190
657	4	110
657	5	185
657	6	120
657	7	195
657	8	210
658	1	90
658	2	110
658	3	150
658	4	130
658	5	170
658	6	135
658	7	180
658	8	190
658	9	210
659	1	90
659	2	180
659	3	110
659	4	140
659	5	105
659	6	130
659	7	120
659	8	160
659	9	299
660	1	90
660	2	125
660	3	125
660	4	180
660	5	195
660	6	110
660	7	150
660	8	120
660	9	140
660	10	115
660	11	105
660	12	170
660	13	210
661	1	90
661	2	125
661	3	210
662	1	90
662	2	110
662	3	195
662	4	180
662	5	185
662	6	210
663	1	90
663	2	195
663	3	110
663	4	105
663	5	125
663	6	140
663	7	180
663	8	130
663	9	210
664	1	90
664	2	180
664	3	190
664	4	130
664	5	110
664	6	125
664	7	125
664	8	195
664	9	120
664	10	170
664	11	105
664	12	115
664	13	140
664	14	210
665	1	90
665	2	110
665	3	150
665	4	130
665	5	180
665	6	115
665	7	170
665	8	120
665	9	125
665	10	125
665	11	195
665	12	140
665	13	165
665	14	210
666	1	90
666	2	180
666	3	150
666	4	120
666	5	140
666	6	110
666	7	125
666	8	210
667	1	90
667	2	110
667	3	135
667	4	170
667	5	195
667	6	180
667	7	150
667	8	120
667	9	210
668	1	90
668	2	195
668	3	105
668	4	180
668	5	110
668	6	190
668	7	155
668	8	125
668	9	170
668	10	120
668	11	210
669	1	90
669	2	170
669	3	130
669	4	110
669	5	180
669	6	125
669	7	125
669	8	150
669	9	160
669	10	299
670	1	90
670	2	210
671	1	90
671	2	195
671	3	125
671	4	180
671	5	115
671	6	105
671	7	110
671	8	145
671	9	210
672	1	90
672	2	125
672	3	125
672	4	110
672	5	150
672	6	140
672	7	210
673	1	90
673	2	105
673	3	110
673	4	180
673	5	120
673	6	140
673	7	195
673	8	125
673	9	135
673	10	165
673	11	145
673	12	170
673	13	210
674	1	90
674	2	190
674	3	195
674	4	185
674	5	180
674	6	115
674	7	110
674	8	105
674	9	210
675	1	90
675	2	110
675	3	115
675	4	125
675	5	125
675	6	180
675	7	170
675	8	195
675	9	190
675	10	130
675	11	150
675	12	140
675	13	160
675	14	299
676	1	90
676	2	180
676	3	115
676	4	110
676	5	125
676	6	210
677	1	90
677	2	170
677	3	210
678	1	90
678	2	125
678	3	195
678	4	110
678	5	150
678	6	180
678	7	105
678	8	115
678	9	170
678	10	140
678	11	135
678	12	130
678	13	210
679	1	90
679	2	140
679	3	155
679	4	160
679	5	299
680	1	90
680	2	170
680	3	130
680	4	125
680	5	195
680	6	120
680	7	180
680	8	110
680	9	210
681	1	175
681	2	195
681	3	210
682	1	90
682	2	110
682	3	120
682	4	125
682	5	125
682	6	210
683	1	90
683	2	170
683	3	140
683	4	110
683	5	210
684	1	90
684	2	125
684	3	180
684	4	115
684	5	185
684	6	210
685	1	90
685	2	105
685	3	210
686	1	90
686	2	105
686	3	125
686	4	110
686	5	120
686	6	170
686	7	185
686	8	195
686	9	180
686	10	150
686	11	210
687	1	90
687	2	195
687	3	170
687	4	180
687	5	155
687	6	150
687	7	115
687	8	125
687	9	110
687	10	130
687	11	190
687	12	210
688	1	90
688	2	110
688	3	115
688	4	125
688	5	125
688	6	180
688	7	170
688	8	140
688	9	210
689	1	90
689	2	110
689	3	125
689	4	180
689	5	135
689	6	210
690	1	90
690	2	180
690	3	160
690	4	299
691	1	90
691	2	125
691	3	110
691	4	195
691	5	180
691	6	155
691	7	130
691	8	185
691	9	170
691	10	175
691	11	140
691	12	150
691	13	105
691	14	210
692	1	90
692	2	105
692	3	125
692	4	180
692	5	175
692	6	110
692	7	120
692	8	195
692	9	210
693	1	90
693	2	150
693	3	105
693	4	145
693	5	110
693	6	195
693	7	210
694	1	90
694	2	180
694	3	195
694	4	190
694	5	110
694	6	105
694	7	150
694	8	140
694	9	170
694	10	125
694	11	130
694	12	115
694	13	165
694	14	210
695	1	90
695	2	110
695	3	195
695	4	130
695	5	180
695	6	120
695	7	105
695	8	210
696	1	90
696	2	160
696	3	299
697	1	90
697	2	160
697	3	299
698	1	90
698	2	175
698	3	110
698	4	180
698	5	120
698	6	105
698	7	125
698	8	115
698	9	155
698	10	170
698	11	160
698	12	299
699	1	90
699	2	110
699	3	195
699	4	185
699	5	210
700	1	90
700	2	170
700	3	150
700	4	210
701	1	90
701	2	125
701	3	125
701	4	180
701	5	110
701	6	105
701	7	195
701	8	160
701	9	299
702	1	90
702	2	155
702	3	130
702	4	120
702	5	180
702	6	110
702	7	125
702	8	150
702	9	145
702	10	195
702	11	210
703	1	90
703	2	120
703	3	195
703	4	185
703	5	125
703	6	210
704	1	90
704	2	180
704	3	125
704	4	155
704	5	110
704	6	175
704	7	120
704	8	170
704	9	210
705	1	90
705	2	110
705	3	125
705	4	195
705	5	130
705	6	105
705	7	170
705	8	165
705	9	190
705	10	180
705	11	120
705	12	210
706	1	90
706	2	150
706	3	110
706	4	125
706	5	125
706	6	195
706	7	120
706	8	170
706	9	210
707	1	90
707	2	125
707	3	185
707	4	110
707	5	195
707	6	180
707	7	145
707	8	140
707	9	150
707	10	130
707	11	120
707	12	210
708	1	175
708	2	125
708	3	150
708	4	195
708	5	115
708	6	180
708	7	130
708	8	110
708	9	210
709	1	90
709	2	105
709	3	125
709	4	110
709	5	210
710	1	90
710	2	120
710	3	180
710	4	210
711	1	90
711	2	110
711	3	145
711	4	105
711	5	195
711	6	180
711	7	140
711	8	210
712	1	90
712	2	110
712	3	175
712	4	180
712	5	125
712	6	170
712	7	105
712	8	135
712	9	195
712	10	140
712	11	190
712	12	210
713	1	90
713	2	125
713	3	125
713	4	210
714	1	90
714	2	120
714	3	195
714	4	125
714	5	180
714	6	135
714	7	110
714	8	105
714	9	210
715	1	90
715	2	180
715	3	150
715	4	210
716	1	90
716	2	110
716	3	145
716	4	125
716	5	210
717	1	90
717	2	105
717	3	140
717	4	210
718	1	90
718	2	150
718	3	110
718	4	190
718	5	120
718	6	135
718	7	125
718	8	140
718	9	195
718	10	155
718	11	105
718	12	210
719	1	90
719	2	110
719	3	140
719	4	195
719	5	170
719	6	150
719	7	125
719	8	135
719	9	115
719	10	145
719	11	105
719	12	180
719	13	120
719	14	210
720	1	90
720	2	105
720	3	120
720	4	125
720	5	130
720	6	110
720	7	140
720	8	180
720	9	195
720	10	170
720	11	115
720	12	190
720	13	210
721	1	90
721	2	170
721	3	165
721	4	125
721	5	125
721	6	195
721	7	155
721	8	140
721	9	120
721	10	150
721	11	110
721	12	105
721	13	210
722	1	175
722	2	110
722	3	210
723	1	90
723	2	125
723	3	170
723	4	190
723	5	110
723	6	140
723	7	120
723	8	180
723	9	210
724	1	90
724	2	125
724	3	210
725	1	90
725	2	130
725	3	110
725	4	140
725	5	115
725	6	155
725	7	180
725	8	195
725	9	210
726	1	90
726	2	180
726	3	140
726	4	125
726	5	120
726	6	130
726	7	150
726	8	195
726	9	110
726	10	115
726	11	210
727	1	90
727	2	125
727	3	170
727	4	180
727	5	105
727	6	115
727	7	120
727	8	150
727	9	130
727	10	210
728	1	90
728	2	195
728	3	125
728	4	165
728	5	110
728	6	180
728	7	155
728	8	105
728	9	210
729	1	90
729	2	180
729	3	125
729	4	140
729	5	210
730	1	90
730	2	180
730	3	175
730	4	115
730	5	185
730	6	130
730	7	145
730	8	195
730	9	210
731	1	90
731	2	110
731	3	125
731	4	105
731	5	170
731	6	115
731	7	120
731	8	210
732	1	90
732	2	125
732	3	125
732	4	180
732	5	135
732	6	105
732	7	195
732	8	130
732	9	140
732	10	210
733	1	90
733	2	105
733	3	210
734	1	90
734	2	110
734	3	180
734	4	125
734	5	125
734	6	150
734	7	160
734	8	299
735	1	90
735	2	180
735	3	125
735	4	125
735	5	120
735	6	195
735	7	210
736	1	90
736	2	130
736	3	195
736	4	110
736	5	140
736	6	125
736	7	180
736	8	170
736	9	210
737	1	90
737	2	175
737	3	125
737	4	125
737	5	150
737	6	110
737	7	180
737	8	185
737	9	210
738	1	90
738	2	150
738	3	180
738	4	110
738	5	190
738	6	195
738	7	125
738	8	210
739	1	90
739	2	195
739	3	125
739	4	125
739	5	180
739	6	120
739	7	170
739	8	105
739	9	110
739	10	210
740	1	90
740	2	110
740	3	210
741	1	90
741	2	170
741	3	195
741	4	110
741	5	140
741	6	125
741	7	175
741	8	120
741	9	210
742	1	90
742	2	110
742	3	180
742	4	105
742	5	210
743	1	90
743	2	110
743	3	180
743	4	125
743	5	195
743	6	115
743	7	130
743	8	155
743	9	105
743	10	145
743	11	210
744	1	175
744	2	170
744	3	115
744	4	125
744	5	125
744	6	140
744	7	105
744	8	185
744	9	195
744	10	120
744	11	180
744	12	190
744	13	150
744	14	210
745	1	90
745	2	195
745	3	175
745	4	110
745	5	130
745	6	190
745	7	120
745	8	105
745	9	170
745	10	145
745	11	125
745	12	125
745	13	140
745	14	210
746	1	90
746	2	110
746	3	125
746	4	125
746	5	180
746	6	115
746	7	140
746	8	150
746	9	130
746	10	175
746	11	195
746	12	105
746	13	120
746	14	210
747	1	90
747	2	125
747	3	195
747	4	105
747	5	120
747	6	190
747	7	150
747	8	110
747	9	180
747	10	135
747	11	210
748	1	90
748	2	110
748	3	180
748	4	170
748	5	210
749	1	90
749	2	105
749	3	110
749	4	125
749	5	170
749	6	130
749	7	120
749	8	180
749	9	145
749	10	185
749	11	195
749	12	210
750	1	90
750	2	175
750	3	110
750	4	130
750	5	195
750	6	210
